1. 19
2. 39
3. 234
4. 218
5. 68
6. 35
7. 44
8. 72
9. 131
10. 46
11. 104
12. 44
13. 94
14. 118
15. 256
16. 34
17. 151
18. 185
19. 112
20. 115
21. 126
22. 31
23. 77
24. 4
25. 66
26. 19
27. 180
28. 10
29. 63
30. 118
31. 157
32. 81
33. 11
34. 101
35. 132
36. 102
37. 204
38. 43
39. 162
40. 214
41. 104
42. 78
43. 231
44. 79
45. 45
46. 90
47. 48
48. 158
49. 38
50. 37
51. 167
52. 34
53. 82
54. 51
55. 42
56. 6
57. 140
58. 75
59. 225
60. 103
61. 50
62. 149
63. 8
64. 127
65. 187
66. 59
67. 24
68. 39
69. 107
70. 90
71. 11
72. 116
73. 142
74. 169
75. 185
76. 57
77. 251
78. 41
79. 43
80. 41
81. 178
82. 83
83. 88
84. 108
85. 48
86. 146
87. 115
88. 34
89. 211
90. 39
91. 89
92. 229
93. 202
94. 83
95. 224
96. 119
97. 16
98. 3
99. 110
100. 171
